***** Eval results on dev : epoch 0 *****
  dev_Precision = 83.69477911646587
  dev_Recall = 83.7620578778135
  dev_F1 = 83.72840498192045
  dev_F1_ign = 82.92207133623502


***** Eval results on dev : epoch 1 *****
  dev_Precision = 91.74468085106383
  dev_Recall = 86.65594855305466
  dev_F1 = 89.12773873501446
  dev_F1_ign = 88.70297636888435


***** Eval results on dev : epoch 2 *****
  dev_Precision = 92.82136894824707
  dev_Recall = 89.38906752411575
  dev_F1 = 91.07289107289107
  dev_F1_ign = 90.67935340947285

***** Final Eval results on test *****
  test_Precision = 65.75505350772889
  test_Recall = 44.453376205787784
  test_F1 = 53.04556354916067
  test_F1_ign = 52.23262066886323


